{
 "cells": [
  {
   "cell_type": "code",
   "execution_count": 23,
   "id": "75f8b669",
   "metadata": {},
   "outputs": [],
   "source": [
    "import pandas as pd\n",
    "\n",
    "# Display options\n",
    "pd.set_option('display.max_rows', None)\n",
    "pd.set_option('display.max_columns', None)\n",
    "pd.set_option('display.width', None)\n",
    "pd.set_option('display.max_colwidth', None)"
   ]
  },
  {
   "cell_type": "code",
   "execution_count": 24,
   "id": "e017234c",
   "metadata": {},
   "outputs": [],
   "source": [
    "# Load Data\n",
    "def loadData(name):\n",
    "    return pd.read_excel(name, header=1)"
   ]
  },
  {
   "cell_type": "code",
   "execution_count": 25,
   "id": "b752ab9b",
   "metadata": {},
   "outputs": [],
   "source": [
    "df21 = loadData(\"Statistiche_Fantacalcio_2021-22.xlsx\")\n",
    "df20 = loadData(\"Statistiche_Fantacalcio_2020-21.xlsx\")\n",
    "df19 = loadData(\"Statistiche_Fantacalcio_2019-20.xlsx\")\n",
    "df18 = loadData(\"Statistiche_Fantacalcio_2018-19.xlsx\")\n",
    "df17 = loadData(\"Statistiche_Fantacalcio_2017-18.xlsx\")"
   ]
  },
  {
   "cell_type": "code",
   "execution_count": 26,
   "id": "9b8d910a",
   "metadata": {},
   "outputs": [],
   "source": [
    "# separate ruoli\n",
    "def sepRuoli(df, ruolo):\n",
    "    return df.loc[df['R'] == ruolo]"
   ]
  },
  {
   "cell_type": "code",
   "execution_count": 27,
   "id": "0b1b1458",
   "metadata": {},
   "outputs": [],
   "source": [
    "df21p = sepRuoli(df21, \"P\")\n",
    "df20p = sepRuoli(df20, \"P\")\n",
    "df19p = sepRuoli(df19, \"P\")\n",
    "df18p = sepRuoli(df18, \"P\")\n",
    "df17p = sepRuoli(df17, \"P\")\n",
    "dfsp = [df21p, df20p, df19p, df18p, df17p]\n",
    "\n",
    "df21d = sepRuoli(df21, \"D\")\n",
    "df20d = sepRuoli(df20, \"D\")\n",
    "df19d = sepRuoli(df19, \"D\")\n",
    "df18d = sepRuoli(df18, \"D\")\n",
    "df17d = sepRuoli(df17, \"D\")\n",
    "dfsd = [df21d, df20d, df19d, df18d, df17d]\n",
    "\n",
    "df21c = sepRuoli(df21, \"C\")\n",
    "df20c = sepRuoli(df20, \"C\")\n",
    "df19c = sepRuoli(df19, \"C\")\n",
    "df18c = sepRuoli(df18, \"C\")\n",
    "df17c = sepRuoli(df17, \"C\")\n",
    "dfsc = [df21c, df20c, df19c, df18c, df17c]\n",
    "\n",
    "df21a = sepRuoli(df21, \"A\")\n",
    "df20a = sepRuoli(df20, \"A\")\n",
    "df19a = sepRuoli(df19, \"A\")\n",
    "df18a = sepRuoli(df18, \"A\")\n",
    "df17a = sepRuoli(df17, \"A\")\n",
    "dfsa = [df21a, df20a, df19a, df18a, df17a]"
   ]
  },
  {
   "cell_type": "markdown",
   "id": "98e0d224",
   "metadata": {},
   "source": [
    "#### Portieri"
   ]
  },
  {
   "cell_type": "code",
   "execution_count": 41,
   "id": "22af3bb0",
   "metadata": {},
   "outputs": [
    {
     "data": {
      "text/html": [
       "<div>\n",
       "<style scoped>\n",
       "    .dataframe tbody tr th:only-of-type {\n",
       "        vertical-align: middle;\n",
       "    }\n",
       "\n",
       "    .dataframe tbody tr th {\n",
       "        vertical-align: top;\n",
       "    }\n",
       "\n",
       "    .dataframe thead th {\n",
       "        text-align: right;\n",
       "    }\n",
       "</style>\n",
       "<table border=\"1\" class=\"dataframe\">\n",
       "  <thead>\n",
       "    <tr style=\"text-align: right;\">\n",
       "      <th></th>\n",
       "      <th>Id</th>\n",
       "      <th>Pg</th>\n",
       "      <th>Mv</th>\n",
       "      <th>Mf</th>\n",
       "      <th>Gf</th>\n",
       "      <th>Gs</th>\n",
       "      <th>Rp</th>\n",
       "      <th>Rc</th>\n",
       "      <th>R+</th>\n",
       "      <th>R-</th>\n",
       "      <th>Ass</th>\n",
       "      <th>Amm</th>\n",
       "      <th>Esp</th>\n",
       "      <th>Au</th>\n",
       "    </tr>\n",
       "  </thead>\n",
       "  <tbody>\n",
       "    <tr>\n",
       "      <th>Id</th>\n",
       "      <td>1.000000</td>\n",
       "      <td>-0.434804</td>\n",
       "      <td>-0.152659</td>\n",
       "      <td>-0.196299</td>\n",
       "      <td>-0.341545</td>\n",
       "      <td>NaN</td>\n",
       "      <td>NaN</td>\n",
       "      <td>-0.309317</td>\n",
       "      <td>-0.307963</td>\n",
       "      <td>-0.230429</td>\n",
       "      <td>-0.323367</td>\n",
       "      <td>-0.313555</td>\n",
       "      <td>0.122651</td>\n",
       "      <td>0.076293</td>\n",
       "    </tr>\n",
       "    <tr>\n",
       "      <th>Pg</th>\n",
       "      <td>-0.434804</td>\n",
       "      <td>1.000000</td>\n",
       "      <td>0.532010</td>\n",
       "      <td>0.603416</td>\n",
       "      <td>0.794369</td>\n",
       "      <td>NaN</td>\n",
       "      <td>NaN</td>\n",
       "      <td>0.453310</td>\n",
       "      <td>0.458907</td>\n",
       "      <td>0.317612</td>\n",
       "      <td>0.671081</td>\n",
       "      <td>0.743132</td>\n",
       "      <td>0.199343</td>\n",
       "      <td>0.153096</td>\n",
       "    </tr>\n",
       "    <tr>\n",
       "      <th>Mv</th>\n",
       "      <td>-0.152659</td>\n",
       "      <td>0.532010</td>\n",
       "      <td>1.000000</td>\n",
       "      <td>0.980375</td>\n",
       "      <td>0.377492</td>\n",
       "      <td>NaN</td>\n",
       "      <td>NaN</td>\n",
       "      <td>0.202091</td>\n",
       "      <td>0.202431</td>\n",
       "      <td>0.147306</td>\n",
       "      <td>0.338333</td>\n",
       "      <td>0.371972</td>\n",
       "      <td>0.114933</td>\n",
       "      <td>0.060757</td>\n",
       "    </tr>\n",
       "    <tr>\n",
       "      <th>Mf</th>\n",
       "      <td>-0.196299</td>\n",
       "      <td>0.603416</td>\n",
       "      <td>0.980375</td>\n",
       "      <td>1.000000</td>\n",
       "      <td>0.505601</td>\n",
       "      <td>NaN</td>\n",
       "      <td>NaN</td>\n",
       "      <td>0.288908</td>\n",
       "      <td>0.291342</td>\n",
       "      <td>0.205425</td>\n",
       "      <td>0.411679</td>\n",
       "      <td>0.435161</td>\n",
       "      <td>0.128709</td>\n",
       "      <td>0.066675</td>\n",
       "    </tr>\n",
       "    <tr>\n",
       "      <th>Gf</th>\n",
       "      <td>-0.341545</td>\n",
       "      <td>0.794369</td>\n",
       "      <td>0.377492</td>\n",
       "      <td>0.505601</td>\n",
       "      <td>1.000000</td>\n",
       "      <td>NaN</td>\n",
       "      <td>NaN</td>\n",
       "      <td>0.518168</td>\n",
       "      <td>0.507797</td>\n",
       "      <td>0.407482</td>\n",
       "      <td>0.533806</td>\n",
       "      <td>0.693629</td>\n",
       "      <td>0.172145</td>\n",
       "      <td>0.141341</td>\n",
       "    </tr>\n",
       "    <tr>\n",
       "      <th>Gs</th>\n",
       "      <td>NaN</td>\n",
       "      <td>NaN</td>\n",
       "      <td>NaN</td>\n",
       "      <td>NaN</td>\n",
       "      <td>NaN</td>\n",
       "      <td>NaN</td>\n",
       "      <td>NaN</td>\n",
       "      <td>NaN</td>\n",
       "      <td>NaN</td>\n",
       "      <td>NaN</td>\n",
       "      <td>NaN</td>\n",
       "      <td>NaN</td>\n",
       "      <td>NaN</td>\n",
       "      <td>NaN</td>\n",
       "    </tr>\n",
       "    <tr>\n",
       "      <th>Rp</th>\n",
       "      <td>NaN</td>\n",
       "      <td>NaN</td>\n",
       "      <td>NaN</td>\n",
       "      <td>NaN</td>\n",
       "      <td>NaN</td>\n",
       "      <td>NaN</td>\n",
       "      <td>NaN</td>\n",
       "      <td>NaN</td>\n",
       "      <td>NaN</td>\n",
       "      <td>NaN</td>\n",
       "      <td>NaN</td>\n",
       "      <td>NaN</td>\n",
       "      <td>NaN</td>\n",
       "      <td>NaN</td>\n",
       "    </tr>\n",
       "    <tr>\n",
       "      <th>Rc</th>\n",
       "      <td>-0.309317</td>\n",
       "      <td>0.453310</td>\n",
       "      <td>0.202091</td>\n",
       "      <td>0.288908</td>\n",
       "      <td>0.518168</td>\n",
       "      <td>NaN</td>\n",
       "      <td>NaN</td>\n",
       "      <td>1.000000</td>\n",
       "      <td>0.974214</td>\n",
       "      <td>0.801678</td>\n",
       "      <td>0.483478</td>\n",
       "      <td>0.392301</td>\n",
       "      <td>-0.027285</td>\n",
       "      <td>-0.025423</td>\n",
       "    </tr>\n",
       "    <tr>\n",
       "      <th>R+</th>\n",
       "      <td>-0.307963</td>\n",
       "      <td>0.458907</td>\n",
       "      <td>0.202431</td>\n",
       "      <td>0.291342</td>\n",
       "      <td>0.507797</td>\n",
       "      <td>NaN</td>\n",
       "      <td>NaN</td>\n",
       "      <td>0.974214</td>\n",
       "      <td>1.000000</td>\n",
       "      <td>0.646136</td>\n",
       "      <td>0.503561</td>\n",
       "      <td>0.412079</td>\n",
       "      <td>-0.012179</td>\n",
       "      <td>-0.044994</td>\n",
       "    </tr>\n",
       "    <tr>\n",
       "      <th>R-</th>\n",
       "      <td>-0.230429</td>\n",
       "      <td>0.317612</td>\n",
       "      <td>0.147306</td>\n",
       "      <td>0.205425</td>\n",
       "      <td>0.407482</td>\n",
       "      <td>NaN</td>\n",
       "      <td>NaN</td>\n",
       "      <td>0.801678</td>\n",
       "      <td>0.646136</td>\n",
       "      <td>1.000000</td>\n",
       "      <td>0.301358</td>\n",
       "      <td>0.235299</td>\n",
       "      <td>-0.060030</td>\n",
       "      <td>0.033207</td>\n",
       "    </tr>\n",
       "    <tr>\n",
       "      <th>Ass</th>\n",
       "      <td>-0.323367</td>\n",
       "      <td>0.671081</td>\n",
       "      <td>0.338333</td>\n",
       "      <td>0.411679</td>\n",
       "      <td>0.533806</td>\n",
       "      <td>NaN</td>\n",
       "      <td>NaN</td>\n",
       "      <td>0.483478</td>\n",
       "      <td>0.503561</td>\n",
       "      <td>0.301358</td>\n",
       "      <td>1.000000</td>\n",
       "      <td>0.469456</td>\n",
       "      <td>0.136978</td>\n",
       "      <td>0.009583</td>\n",
       "    </tr>\n",
       "    <tr>\n",
       "      <th>Amm</th>\n",
       "      <td>-0.313555</td>\n",
       "      <td>0.743132</td>\n",
       "      <td>0.371972</td>\n",
       "      <td>0.435161</td>\n",
       "      <td>0.693629</td>\n",
       "      <td>NaN</td>\n",
       "      <td>NaN</td>\n",
       "      <td>0.392301</td>\n",
       "      <td>0.412079</td>\n",
       "      <td>0.235299</td>\n",
       "      <td>0.469456</td>\n",
       "      <td>1.000000</td>\n",
       "      <td>0.189796</td>\n",
       "      <td>0.175954</td>\n",
       "    </tr>\n",
       "    <tr>\n",
       "      <th>Esp</th>\n",
       "      <td>0.122651</td>\n",
       "      <td>0.199343</td>\n",
       "      <td>0.114933</td>\n",
       "      <td>0.128709</td>\n",
       "      <td>0.172145</td>\n",
       "      <td>NaN</td>\n",
       "      <td>NaN</td>\n",
       "      <td>-0.027285</td>\n",
       "      <td>-0.012179</td>\n",
       "      <td>-0.060030</td>\n",
       "      <td>0.136978</td>\n",
       "      <td>0.189796</td>\n",
       "      <td>1.000000</td>\n",
       "      <td>0.268547</td>\n",
       "    </tr>\n",
       "    <tr>\n",
       "      <th>Au</th>\n",
       "      <td>0.076293</td>\n",
       "      <td>0.153096</td>\n",
       "      <td>0.060757</td>\n",
       "      <td>0.066675</td>\n",
       "      <td>0.141341</td>\n",
       "      <td>NaN</td>\n",
       "      <td>NaN</td>\n",
       "      <td>-0.025423</td>\n",
       "      <td>-0.044994</td>\n",
       "      <td>0.033207</td>\n",
       "      <td>0.009583</td>\n",
       "      <td>0.175954</td>\n",
       "      <td>0.268547</td>\n",
       "      <td>1.000000</td>\n",
       "    </tr>\n",
       "  </tbody>\n",
       "</table>\n",
       "</div>"
      ],
      "text/plain": [
       "           Id        Pg        Mv        Mf        Gf  Gs  Rp        Rc  \\\n",
       "Id   1.000000 -0.434804 -0.152659 -0.196299 -0.341545 NaN NaN -0.309317   \n",
       "Pg  -0.434804  1.000000  0.532010  0.603416  0.794369 NaN NaN  0.453310   \n",
       "Mv  -0.152659  0.532010  1.000000  0.980375  0.377492 NaN NaN  0.202091   \n",
       "Mf  -0.196299  0.603416  0.980375  1.000000  0.505601 NaN NaN  0.288908   \n",
       "Gf  -0.341545  0.794369  0.377492  0.505601  1.000000 NaN NaN  0.518168   \n",
       "Gs        NaN       NaN       NaN       NaN       NaN NaN NaN       NaN   \n",
       "Rp        NaN       NaN       NaN       NaN       NaN NaN NaN       NaN   \n",
       "Rc  -0.309317  0.453310  0.202091  0.288908  0.518168 NaN NaN  1.000000   \n",
       "R+  -0.307963  0.458907  0.202431  0.291342  0.507797 NaN NaN  0.974214   \n",
       "R-  -0.230429  0.317612  0.147306  0.205425  0.407482 NaN NaN  0.801678   \n",
       "Ass -0.323367  0.671081  0.338333  0.411679  0.533806 NaN NaN  0.483478   \n",
       "Amm -0.313555  0.743132  0.371972  0.435161  0.693629 NaN NaN  0.392301   \n",
       "Esp  0.122651  0.199343  0.114933  0.128709  0.172145 NaN NaN -0.027285   \n",
       "Au   0.076293  0.153096  0.060757  0.066675  0.141341 NaN NaN -0.025423   \n",
       "\n",
       "           R+        R-       Ass       Amm       Esp        Au  \n",
       "Id  -0.307963 -0.230429 -0.323367 -0.313555  0.122651  0.076293  \n",
       "Pg   0.458907  0.317612  0.671081  0.743132  0.199343  0.153096  \n",
       "Mv   0.202431  0.147306  0.338333  0.371972  0.114933  0.060757  \n",
       "Mf   0.291342  0.205425  0.411679  0.435161  0.128709  0.066675  \n",
       "Gf   0.507797  0.407482  0.533806  0.693629  0.172145  0.141341  \n",
       "Gs        NaN       NaN       NaN       NaN       NaN       NaN  \n",
       "Rp        NaN       NaN       NaN       NaN       NaN       NaN  \n",
       "Rc   0.974214  0.801678  0.483478  0.392301 -0.027285 -0.025423  \n",
       "R+   1.000000  0.646136  0.503561  0.412079 -0.012179 -0.044994  \n",
       "R-   0.646136  1.000000  0.301358  0.235299 -0.060030  0.033207  \n",
       "Ass  0.503561  0.301358  1.000000  0.469456  0.136978  0.009583  \n",
       "Amm  0.412079  0.235299  0.469456  1.000000  0.189796  0.175954  \n",
       "Esp -0.012179 -0.060030  0.136978  0.189796  1.000000  0.268547  \n",
       "Au  -0.044994  0.033207  0.009583  0.175954  0.268547  1.000000  "
      ]
     },
     "execution_count": 41,
     "metadata": {},
     "output_type": "execute_result"
    }
   ],
   "source": [
    "d"
   ]
  },
  {
   "cell_type": "code",
   "execution_count": null,
   "id": "d463129d",
   "metadata": {},
   "outputs": [],
   "source": []
  }
 ],
 "metadata": {
  "kernelspec": {
   "display_name": "Python 3 (ipykernel)",
   "language": "python",
   "name": "python3"
  },
  "language_info": {
   "codemirror_mode": {
    "name": "ipython",
    "version": 3
   },
   "file_extension": ".py",
   "mimetype": "text/x-python",
   "name": "python",
   "nbconvert_exporter": "python",
   "pygments_lexer": "ipython3",
   "version": "3.8.10"
  }
 },
 "nbformat": 4,
 "nbformat_minor": 5
}
